#timestamp tx ty tz qx qy qz qw
1578481025.474701 0.000000 0.000000 0.000000 0.000000 0.000000 0.000000 1.000000
1578481025.575574 -0.001401 -0.002934 -0.000986 -0.000339 0.000313 0.000607 1.000000
1578481025.676448 -0.000628 -0.002486 -0.001087 -0.000124 0.000046 0.000297 1.000000
1578481025.777320 0.000197 -0.002203 -0.001349 -0.000345 -0.000085 0.000439 1.000000
1578481025.878191 -0.000629 -0.001773 -0.001795 -0.000234 -0.000104 0.000270 1.000000
1578481025.979064 0.000134 -0.001252 -0.000336 -0.000473 0.000184 0.000608 1.000000
1578481026.079772 -0.000571 -0.000884 -0.002055 -0.000267 -0.000160 0.000533 1.000000
1578481026.180645 0.001157 -0.001547 -0.002414 -0.000226 -0.000303 0.000332 1.000000
1578481026.281518 -0.000015 -0.000960 -0.003796 -0.000030 -0.000557 0.000335 1.000000
1578481026.382391 -0.001044 -0.001584 -0.001957 -0.000027 0.000103 0.000373 1.000000
1578481026.483264 -0.001694 -0.001154 -0.002564 -0.000144 -0.000173 0.000208 1.000000
1578481026.584138 -0.002844 -0.002239 -0.002553 -0.000033 -0.000390 -0.000086 1.000000
1578481026.685012 -0.002118 -0.001349 -0.002277 -0.000030 -0.000227 0.000171 1.000000
1578481026.785885 -0.002225 -0.000956 -0.003276 0.000103 -0.000510 -0.000147 1.000000
1578481026.886758 -0.002098 -0.000806 -0.003549 -0.000013 -0.000825 -0.001608 0.999998
1578481026.987631 -0.000328 -0.001278 -0.004574 0.000135 -0.000977 -0.001618 0.999998
1578481027.088333 -0.001510 -0.000812 -0.002708 0.000021 -0.000447 -0.001413 0.999999
1578481027.189207 -0.004404 -0.005624 -0.000584 0.000147 -0.001041 -0.000913 0.999999
1578481027.290080 -0.005654 -0.003325 -0.001307 -0.000101 -0.000362 0.000465 1.000000
1578481027.390954 -0.002482 0.000702 -0.002268 -0.000270 0.000381 0.000865 1.000000
1578481027.491827 -0.011662 -0.001523 0.000765 -0.000613 -0.001796 0.003076 0.999993
1578481027.592700 -0.022131 -0.002501 0.009469 0.000598 -0.004132 0.004146 0.999983
1578481027.693571 -0.025355 0.003293 0.010018 -0.001146 0.000015 0.009838 0.999951
1578481027.794444 -0.039345 0.012298 0.011546 -0.002526 0.001082 0.018655 0.999822
1578481027.895317 -0.050483 0.017037 0.024045 -0.000756 0.005830 0.021901 0.999743
1578481027.996190 -0.069011 0.013980 0.033774 0.002702 0.010685 0.023457 0.999664
1578481028.096896 -0.079013 0.019048 0.039865 0.002576 0.016740 0.026818 0.999497
1578481028.197770 -0.089156 0.023867 0.043974 0.002049 0.018281 0.029217 0.999404
1578481028.298642 -0.091811 0.026613 0.056877 0.003504 0.023203 0.027189 0.999355
1578481028.399516 -0.098890 0.017544 0.036268 0.002443 0.008638 0.023408 0.999686
1578481028.500389 -0.119387 0.006832 0.072685 0.017538 0.014988 0.021263 0.999508
1578481028.601262 -0.128344 0.025013 0.299284 0.034329 0.075741 0.003841 0.996529
1578481028.702135 -0.125080 0.018453 0.357106 0.044205 0.083247 -0.005587 0.995532
1578481028.803009 -0.129745 0.013472 0.407385 0.051840 0.093706 -0.017286 0.994099
1578481028.903881 -0.139669 0.009946 0.457783 0.058172 0.089797 -0.022729 0.994000
1578481029.004583 -0.150857 0.005066 0.506120 0.068593 0.091392 -0.029309 0.993017
1578481029.105456 -0.147737 0.001729 0.558661 0.079851 0.092131 -0.041544 0.991670
1578481029.206328 -0.140493 -0.008629 0.602268 0.089385 0.089724 -0.050336 0.990670
1578481029.307202 -0.121853 -0.011760 0.627033 0.101352 0.068814 -0.057183 0.990819
1578481029.408075 -0.095532 -0.004448 0.642396 0.098913 0.052392 -0.076588 0.990760
1578481029.508949 -0.075364 -0.004026 0.665260 0.087390 0.029456 -0.094351 0.991258
1578481029.609821 -0.029822 -0.006488 0.700444 0.072702 0.011447 -0.116583 0.990450
1578481029.710694 0.007182 -0.012719 0.715975 0.065309 0.005863 -0.129689 0.989384
1578481029.811566 0.054658 -0.018035 0.713698 0.053630 -0.017269 -0.130338 0.989867
1578481029.912439 0.107213 -0.023291 0.708752 0.050400 -0.019453 -0.126808 0.990455
1578481030.013145 0.165503 -0.024514 0.694981 0.034520 -0.033208 -0.118101 0.991846
1578481030.114019 0.238709 -0.036437 0.663885 0.027556 -0.037076 -0.098203 0.994094
1578481030.214892 0.304432 -0.054937 0.672748 0.010379 -0.046064 -0.083581 0.995382
1578481030.315765 0.363354 -0.056880 0.633321 0.009007 -0.047160 -0.080490 0.995598
1578481030.416638 0.401955 -0.077558 0.538503 0.002502 -0.012545 -0.083667 0.996412
1578481030.517512 0.426288 -0.079998 0.518149 0.001989 -0.006266 -0.083558 0.996481
1578481030.618384 0.427770 -0.083240 0.506856 0.002121 -0.000507 -0.082139 0.996618
1578481030.719257 0.404828 -0.079862 0.503187 0.000709 0.003548 -0.078979 0.996870
1578481030.820129 0.368242 -0.061373 0.494955 0.001029 0.004962 -0.066746 0.997757
1578481030.921002 0.299626 -0.051134 0.486608 -0.000063 0.012428 -0.067409 0.997648
1578481031.021706 0.218773 -0.034774 0.499199 0.001151 0.011361 -0.072663 0.997291
1578481031.122578 0.132137 -0.013368 0.508544 0.017215 0.024730 -0.079178 0.996405
1578481031.223451 0.046946 0.014612 0.519043 0.025108 0.044092 -0.083201 0.995240
1578481031.324323 -0.027768 0.033092 0.533058 0.035847 0.055404 -0.084845 0.994207
1578481031.425197 -0.089874 0.054468 0.564957 0.032454 0.045405 -0.080141 0.995220
1578481031.526069 -0.130908 0.070043 0.612468 0.027957 0.045815 -0.072129 0.995950
1578481031.626941 -0.150155 0.075710 0.643340 0.032995 0.041694 -0.059021 0.996840
1578481031.727813 -0.147528 0.072548 0.697258 0.050276 0.036357 -0.054667 0.996575
1578481031.828685 -0.131537 0.053058 0.736996 0.065186 0.017037 -0.053360 0.996300
1578481031.929560 -0.108273 0.029252 0.790953 0.081864 0.014127 -0.055117 0.995018
1578481032.030268 -0.076932 -0.004450 0.833027 0.086619 -0.003343 -0.061792 0.994318
1578481032.131142 -0.044956 -0.048655 0.859777 0.088166 -0.014521 -0.080183 0.992767
1578481032.232017 -0.012599 -0.097443 0.871455 0.082314 -0.032696 -0.103758 0.990651
1578481032.332891 0.027743 -0.150864 0.859219 0.073193 -0.045302 -0.133118 0.987355
1578481032.433766 0.069133 -0.207567 0.841507 0.061283 -0.044493 -0.166207 0.983178
1578481032.534639 0.101341 -0.260708 0.787305 0.040138 -0.033701 -0.203302 0.977712
1578481032.635513 0.119997 -0.306917 0.767454 0.025078 -0.022401 -0.230879 0.972401
1578481032.736389 0.137286 -0.342194 0.749935 0.024437 -0.013223 -0.249110 0.968077
1578481032.837263 0.156108 -0.356987 0.594831 0.016452 0.022041 -0.260986 0.964951
1578481032.938137 0.152891 -0.352683 0.593748 0.005666 0.048017 -0.259314 0.964582
1578481033.038830 0.146131 -0.329378 0.583183 0.001235 0.065612 -0.241502 0.968179
1578481033.139704 0.137356 -0.283417 0.570383 -0.007251 0.089026 -0.216105 0.972276
1578481033.240578 0.144151 -0.222543 0.530802 -0.008828 0.109620 -0.185193 0.976529
1578481033.341451 0.132744 -0.146540 0.508253 -0.006089 0.137561 -0.145526 0.979726
1578481033.442324 0.112814 -0.069875 0.525242 -0.003292 0.142002 -0.099715 0.984826
1578481033.543197 0.090177 0.017503 0.526165 0.007563 0.136168 -0.034440 0.990058
1578481033.644070 0.049680 0.067711 0.585348 0.019852 0.117458 0.030841 0.992400
1578481033.744944 0.037316 0.132231 0.648810 0.025843 0.080692 0.077340 0.993398
1578481033.845817 0.004028 0.157942 0.680322 0.021401 0.036777 0.100810 0.993995
1578481033.946691 -0.018681 0.166432 0.752360 0.017400 -0.001158 0.100023 0.994832
1578481034.047390 -0.040972 0.144490 0.807747 0.022509 -0.024038 0.077391 0.996457
1578481034.148263 -0.057835 0.119631 0.837629 0.044155 -0.032453 0.053068 0.997086
1578481034.249138 -0.083220 0.064189 0.863611 0.063910 -0.035775 0.027862 0.996925
1578481034.350011 -0.078725 0.007414 0.897712 0.068373 -0.025407 -0.001898 0.997334
1578481034.450884 -0.102698 -0.042397 0.888070 0.077446 -0.018982 -0.039465 0.996034
1578481034.551757 -0.127629 -0.117207 0.867521 0.082983 0.001575 -0.086399 0.992797
1578481034.652630 -0.148778 -0.172515 0.815434 0.061793 0.002489 -0.125202 0.990202
1578481034.753503 -0.176824 -0.204575 0.736636 0.034854 0.008643 -0.164974 0.985644
1578481034.854375 -0.193980 -0.236843 0.738325 0.001874 0.035231 -0.188533 0.981433
1578481034.955249 -0.211233 -0.258499 0.707618 0.000242 0.045019 -0.194895 0.979790
1578481035.055950 -0.230076 -0.261421 0.672181 0.006323 0.070431 -0.192597 0.978727
1578481035.156824 -0.243371 -0.246096 0.622857 0.002165 0.103210 -0.176229 0.978921
1578481035.257697 -0.254496 -0.205290 0.585530 -0.006862 0.131930 -0.148832 0.979998
1578481035.358570 -0.247588 -0.160169 0.589541 0.000614 0.156337 -0.106431 0.981953
